1.000000000 0.000000000 0.000000000 0.000000000 0.000000000 1.000000000 0.000000000 0.000000000 0.000000000 0.000000000 1.000000000 0.000000000
0.999991059 0.001412899 -0.003985420 -0.009093499 -0.001419728 0.999997556 -0.001711079 0.001841072 0.003982992 0.001716722 0.999990582 0.710451901
0.999968827 0.001310297 -0.007784306 -0.020258565 -0.001333790 0.999994576 -0.003013551 -0.001224748 0.007780315 0.003023839 0.999965131 1.432763934
0.999915659 0.002569443 -0.012730463 -0.038493242 -0.002615142 0.999990106 -0.003574400 -0.006267572 0.012721154 0.003607390 0.999912560 2.191186666
0.999851465 0.001644211 -0.017158125 -0.050649479 -0.001714753 0.999990165 -0.004097390 -0.007418586 0.017151218 0.004126203 0.999844313 2.954273939
0.999764204 0.003084311 -0.021495232 -0.075232215 -0.003195420 0.999981761 -0.005136572 -0.014946841 0.021478996 0.005204048 0.999755800 3.733107328
0.999639213 0.005895190 -0.026204415 -0.106707588 -0.006048205 0.999965072 -0.005763882 -0.020210560 0.026169518 0.005920293 0.999639928 4.524717808
0.999514818 0.006207019 -0.030520456 -0.134197742 -0.006347631 0.999969661 -0.004512405 -0.021964518 0.030491523 0.004703949 0.999523997 5.332423687
0.999385655 0.005271230 -0.034648240 -0.167560652 -0.005332092 0.999984384 -0.001664407 -0.028374527 0.034638926 0.001848131 0.999398172 6.153749943
0.999267220 0.005344697 -0.037899856 -0.211605579 -0.005298637 0.999985099 0.001315612 -0.043827891 0.037906323 -0.001113830 0.999280691 6.976847172
0.999162257 0.006949482 -0.040328909 -0.251572132 -0.006932409 0.999975801 0.000563198 -0.046430200 0.040331848 -0.000283149 0.999186337 7.815514565
0.999077260 0.006365977 -0.042473126 -0.286887109 -0.006351424 0.999979675 0.000477561 -0.054809559 0.042475305 -0.000207355 0.999097526 8.660445213
0.999002039 0.003230445 -0.044547584 -0.324275225 -0.003241920 0.999994755 -0.000185348 -0.059996512 0.044546746 0.000329583 0.999007165 9.499568939
0.998909712 0.003142793 -0.046578597 -0.362279534 -0.003119396 0.999994993 0.000574992 -0.063385539 0.046580173 -0.000429068 0.998914361 10.355131149
0.998865783 0.001357817 -0.047592871 -0.410195291 -0.001334495 0.999998987 0.000521781 -0.070624813 0.047593534 -0.000457677 0.998866618 11.228575706
0.998755217 0.003709045 -0.049741473 -0.459446311 -0.003804697 0.999991119 -0.001828446 -0.078953192 0.049734246 0.002015422 0.998760462 12.114216805
0.998687208 0.004251997 -0.051046651 -0.508110106 -0.004495550 0.999979019 -0.004657319 -0.083884001 0.051025778 0.004880687 0.998685360 13.007254601
0.998584211 0.007984499 -0.052591525 -0.567196608 -0.008341194 0.999943733 -0.006566374 -0.089992255 0.052536134 0.006995754 0.998594463 13.896626472
0.998522401 0.008882786 -0.053610291 -0.622733116 -0.009188344 0.999942899 -0.005455822 -0.110713102 0.053558763 0.005940351 0.998546958 14.801125526
0.998451650 0.007915036 -0.055058822 -0.670940518 -0.008147639 0.999958754 -0.004001468 -0.122986853 0.055024873 0.004443872 0.998475075 15.712805748
0.998387694 0.008386915 -0.056139641 -0.726600230 -0.008556101 0.999959528 -0.002773970 -0.127079099 0.056114100 0.003249835 0.998418987 16.637479782
0.998344123 0.008180893 -0.056938816 -0.794356763 -0.008323441 0.999962807 -0.002266822 -0.142953515 0.056918152 0.002736996 0.998375118 17.565395355
0.998236477 0.007820698 -0.058843430 -0.843546748 -0.008006481 0.999963641 -0.002922101 -0.155029058 0.058818437 0.003388077 0.998263001 18.502231598
0.998208642 0.006514919 -0.059472539 -0.907187462 -0.006749350 0.999970198 -0.003741798 -0.163648605 0.059446391 0.004136495 0.998222947 19.451150894
0.998158574 0.006324616 -0.060327765 -0.961256981 -0.006458685 0.999977112 -0.002027609 -0.174776748 0.060313556 0.002413514 0.998176575 20.375232697
0.998146176 0.007594671 -0.060387466 -1.019981384 -0.007532731 0.999970913 0.001253314 -0.182700858 0.060395222 -0.000796108 0.998174310 21.323730469
0.998198748 0.008159816 -0.059436888 -1.080194116 -0.007860696 0.999955237 0.005264654 -0.191777304 0.059477184 -0.004787956 0.998218179 22.277164459
0.998289049 0.006972887 -0.058054022 -1.138407707 -0.006520080 0.999946833 0.007985496 -0.197148547 0.058106627 -0.007593317 0.998281419 23.239833832
0.998389304 0.007341671 -0.056257993 -1.197138071 -0.006877140 0.999940634 0.008446348 -0.196640581 0.056316663 -0.008045850 0.998380542 24.208263397
0.998465717 0.007479536 -0.054865494 -1.254552364 -0.007163616 0.999956608 0.005952486 -0.203937948 0.054907639 -0.005550318 0.998475969 25.172164917
0.998514771 0.008564292 -0.053804807 -1.314002395 -0.008519204 0.999963164 0.001067327 -0.208793968 0.053811975 -0.000607368 0.998550892 26.148046494
0.998588622 0.007905279 -0.052520726 -1.368150830 -0.008022159 0.999965847 -0.002014963 -0.212890327 0.052503001 0.002433448 0.998617828 27.120752335
0.998639762 0.004781576 -0.051920570 -1.416322589 -0.004830700 0.999988019 -0.000820675 -0.221545845 0.051916033 0.001070371 0.998650849 28.106582642
0.998631179 0.003105859 -0.052211825 -1.469427466 -0.002885887 0.999986589 0.004287932 -0.235493317 0.052224439 -0.004131385 0.998626828 29.122116089
0.998601079 -0.000365599 -0.052873723 -1.521149874 0.000771732 0.999970317 0.007660976 -0.241640791 0.052869361 -0.007691064 0.998571813 30.119710922
0.998523295 -0.007674299 -0.053778183 -1.567092419 0.008066550 0.999942422 0.007080607 -0.248537406 0.053720746 -0.007503957 0.998527825 31.119644165
0.998411000 -0.009949565 -0.055468239 -1.620290875 0.010150105 0.999942839 0.003334779 -0.255418867 0.055431899 -0.003892489 0.998454869 32.127693176
0.998340726 -0.009641152 -0.056770787 -1.678993464 0.009625880 0.999953508 -0.000542498 -0.260886163 0.056773372 -0.000004871 0.998387098 33.132583618
0.998221159 -0.008690322 -0.058981907 -1.740303993 0.008632196 0.999961972 -0.001240198 -0.269811690 0.058990441 0.000728848 0.998258233 34.145271301
0.998186469 -0.009154735 -0.059498198 -1.801907897 0.009188508 0.999957740 0.000294066 -0.278136462 0.059492990 -0.000840232 0.998228371 35.165111542
0.998136878 -0.005617353 -0.060755555 -1.874398351 0.005816143 0.999978304 0.003095583 -0.293176889 0.060736850 -0.003443179 0.998147786 36.191341400
0.998089969 -0.004914244 -0.061580755 -1.946107388 0.005199493 0.999976516 0.004472712 -0.303482652 0.061557319 -0.004784358 0.998092055 37.203201294
0.998003423 -0.004247001 -0.063016415 -2.008033276 0.004713257 0.999962568 0.007252161 -0.311017901 0.062983252 -0.007534694 0.997986138 38.261325836
0.998012543 -0.004600327 -0.062848791 -2.076724529 0.005269663 0.999931037 0.010488349 -0.315606624 0.062796220 -0.010798695 0.997967958 39.293083191
0.997997284 0.001245159 -0.063243188 -2.156657219 -0.000446342 0.999919951 0.012643442 -0.317172706 0.063253865 -0.012589892 0.997918189 40.323013306
0.998001218 0.000873036 -0.063189536 -2.227066755 -0.000119330 0.999928772 0.011930492 -0.316684514 0.063195452 -0.011899104 0.997930288 41.341262817
0.998010516 0.000915638 -0.063041069 -2.288320065 -0.000265993 0.999946654 0.010312724 -0.317691386 0.063047148 -0.010275438 0.997957647 42.365280151
0.997986495 0.003397962 -0.063335054 -2.353680611 -0.002894497 0.999963522 0.008039294 -0.321743011 0.063360073 -0.007839785 0.997959852 43.391464233
0.997928381 0.002709968 -0.064277612 -2.420928717 -0.002193311 0.999964833 0.008107107 -0.325287193 0.064297304 -0.007949330 0.997899115 44.409339905
0.997861147 0.000951039 -0.065362401 -2.488280773 -0.000340302 0.999956310 0.009354344 -0.329460651 0.065368414 -0.009312093 0.997817695 45.419086456
0.997806251 0.001400057 -0.066187158 -2.564437151 -0.000697419 0.999943197 0.010637834 -0.339855433 0.066198289 -0.010568338 0.997750521 46.441753387
0.997779667 0.003479779 -0.066510633 -2.632926464 -0.002993179 0.999968052 0.007414382 -0.349315315 0.066534303 -0.007198840 0.997758150 47.444107056
0.997734368 0.004080728 -0.067152016 -2.707399845 -0.003874908 0.999987423 0.003194944 -0.352302700 0.067164198 -0.002927497 0.997737586 48.439376831
0.997663975 0.004970764 -0.068131603 -2.771992922 -0.004867999 0.999986768 0.001674267 -0.359775424 0.068139032 -0.001338691 0.997674882 49.449035645
0.997650802 0.003511301 -0.068414763 -2.836513042 -0.003143282 0.999980092 0.005486154 -0.369520247 0.068432651 -0.005258219 0.997641861 50.448318481
0.997660279 0.001978165 -0.068338133 -2.911677837 -0.001407575 0.999963701 0.008396657 -0.377567083 0.068352267 -0.008280822 0.997626901 51.444671631
0.997648001 -0.000287551 -0.068544492 -2.974171877 0.000910050 0.999958634 0.009050635 -0.385710776 0.068539046 -0.009091727 0.997607112 52.424911499
0.997639537 -0.003404930 -0.068584293 -3.038876772 0.003955105 0.999961138 0.007887677 -0.391600311 0.068554766 -0.008140315 0.997614145 53.404060364
0.997619092 -0.006319459 -0.068675019 -3.112681866 0.006808712 0.999953091 0.006892447 -0.401263952 0.068628244 -0.007343625 0.997615278 54.389789581
0.997522056 -0.007039300 -0.070000388 -3.177022934 0.007598022 0.999941349 0.007718643 -0.408879936 0.069941930 -0.008231381 0.997517049 55.380661011
0.997453272 -0.010157567 -0.070595048 -3.248370647 0.011019268 0.999869347 0.011827523 -0.410687149 0.070465676 -0.012575308 0.997434974 56.354843140
0.997391880 -0.010898524 -0.071348235 -3.313230515 0.012130136 0.999784410 0.016851498 -0.412627339 0.071149178 -0.017673012 0.997309208 57.326408386
0.997337639 -0.009320114 -0.072323352 -3.381512403 0.010725229 0.999760687 0.019064259 -0.411693692 0.072128378 -0.019789187 0.997198999 58.313262939
0.997243226 -0.008348478 -0.073729463 -3.455020905 0.009490045 0.999840260 0.015146464 -0.411209583 0.073591225 -0.015804408 0.997163177 59.267635345
0.997177541 -0.006219297 -0.074822061 -3.529641151 0.006790859 0.999949634 0.007386966 -0.414799064 0.074772350 -0.007874223 0.997169495 60.205223083
0.997159123 -0.004483156 -0.075191759 -3.613147736 0.004708324 0.999984920 0.002817586 -0.420315087 0.075177990 -0.003163608 0.997165143 61.137420654
0.997039497 -0.000617699 -0.076888271 -3.687829971 0.000915695 0.999992192 0.003840508 -0.432013959 0.076885305 -0.003899545 0.997032285 62.094058990
0.996976316 0.002004245 -0.077679627 -3.767072201 -0.001518322 0.999978840 0.006314032 -0.443395436 0.077690654 -0.006176998 0.996958375 63.006019592
0.996867418 0.004353674 -0.078970179 -3.837882996 -0.003736029 0.999961317 0.007967303 -0.455469072 0.079001822 -0.007647309 0.996845245 63.895107269
0.996784449 0.005196232 -0.079961218 -3.916632175 -0.004613320 0.999961555 0.007472940 -0.459961921 0.079996966 -0.007080026 0.996769965 64.805633545
0.996637762 0.006787096 -0.081652395 -3.991605759 -0.006126944 0.999946594 0.008332752 -0.464537024 0.081704572 -0.007804456 0.996626079 65.674049377
0.996527374 0.007674012 -0.082910523 -4.067976952 -0.006944999 0.999934673 0.009077612 -0.477726519 0.082974777 -0.008470276 0.996515632 66.541618347
0.996393800 0.007310278 -0.084533304 -4.137114048 -0.006498435 0.999930143 0.009875005 -0.486940026 0.084599592 -0.009290061 0.996371746 67.383430481
0.996297002 0.007308854 -0.085666925 -4.219132423 -0.006430546 0.999923944 0.010524064 -0.488212168 0.085737340 -0.009934206 0.996268272 68.241958618
0.996194243 0.010224977 -0.086558610 -4.301713467 -0.009130234 0.999873281 0.013033896 -0.487171888 0.086680926 -0.012193993 0.996161520 69.057647705
0.996049404 0.011658992 -0.088031314 -4.370347977 -0.010148624 0.999793887 0.017585283 -0.497331977 0.088218197 -0.016622415 0.995962501 69.873245239
0.995857656 0.014928014 -0.089690715 -4.447027206 -0.013245670 0.999725580 0.019323230 -0.496254802 0.089954540 -0.018055171 0.995782197 70.664062500
0.995703399 0.017778628 -0.090876915 -4.529897690 -0.016464364 0.999749064 0.015191376 -0.500603080 0.091124192 -0.013629875 0.995746255 71.441673279
0.995591104 0.017837416 -0.092088267 -4.605260849 -0.017180810 0.999821126 0.007918122 -0.503152847 0.092213027 -0.006301060 0.995719373 72.188285828
0.995456636 0.016781999 -0.093725152 -4.674004555 -0.016648022 0.999858975 0.002211181 -0.512574792 0.093749061 -0.000640796 0.995595634 72.927818298
0.995389342 0.017483838 -0.094310097 -4.746285439 -0.017475495 0.999846876 0.000914400 -0.514507532 0.094311640 0.000737932 0.995542407 73.639266968
0.995286524 0.020343903 -0.094819412 -4.825336933 -0.019994680 0.999789357 0.004631781 -0.527258873 0.094893664 -0.002714066 0.995483637 74.343009949
0.995151222 0.020777054 -0.096137457 -4.891561508 -0.020214904 0.999772429 0.006817708 -0.539937139 0.096257240 -0.004841241 0.995344698 75.009971619
0.995126843 0.017401619 -0.097054496 -4.958945274 -0.017120626 0.999846399 0.003727300 -0.552165627 0.097104453 -0.002047503 0.995272100 75.668304443
0.995241284 0.009676043 -0.096958995 -5.010370255 -0.009859729 0.999950349 -0.001415521 -0.560865462 0.096940480 0.002364776 0.995287359 76.298484802
0.995352745 0.005550300 -0.096135356 -5.060740471 -0.006158574 0.999962866 -0.006031707 -0.575942516 0.096098311 0.006595734 0.995350003 76.915962219
0.995663822 0.007677172 -0.092707098 -5.124542236 -0.008336498 0.999942660 -0.006726766 -0.576280951 0.092650130 0.007470450 0.995670736 77.517478943
0.996034026 0.012846923 -0.088041104 -5.194577217 -0.013218736 0.999906003 -0.003641449 -0.587503195 0.087986045 0.004790800 0.996110141 78.101036072
0.996401131 0.011170572 -0.084022969 -5.226808071 -0.011245201 0.999936700 -0.000414964 -0.600976467 0.084013000 0.001358326 0.996463656 78.677444458
0.996891499 0.007470889 -0.078430556 -5.258778572 -0.007203079 0.999967337 0.003696962 -0.607165277 0.078455612 -0.003120529 0.996912718 79.238281250
0.997540355 0.002961713 -0.070031546 -5.289146900 -0.002441402 0.999968827 0.007514101 -0.620651364 0.070051625 -0.007324646 0.997516453 79.786376953
0.998209953 0.006697753 -0.059431296 -5.318640232 -0.006275278 0.999953747 0.007292430 -0.631101787 0.059477396 -0.006906428 0.998205781 80.314483643
0.998956084 0.011890801 -0.044106454 -5.344113350 -0.011603552 0.999909818 0.006762911 -0.634523988 0.044182900 -0.006244059 0.999003947 80.834304810
0.999518752 0.016948059 -0.025982484 -5.354686737 -0.016765201 0.999833226 0.007239539 -0.637741566 0.026100844 -0.006800452 0.999636173 81.335044861
0.999872148 0.015482403 -0.003987357 -5.339987278 -0.015450443 0.999849200 0.007925251 -0.644949377 0.004109453 -0.007862629 0.999960661 81.824623108
0.999685764 0.011868484 0.022076609 -5.304057121 -0.012060775 0.999890327 0.008597562 -0.644548893 -0.021972150 -0.008861122 0.999719322 82.300827026
0.998594999 0.010965208 0.051844086 -5.261364937 -0.011494125 0.999884784 0.009914940 -0.647789180 -0.051729389 -0.010496912 0.998605907 82.770370483
0.996329546 0.010466186 0.084957674 -5.201683044 -0.011486039 0.999867678 0.011524322 -0.653829575 -0.084825814 -0.012457849 0.996317863 83.231132507
0.992383838 0.010184548 0.122762494 -5.125443459 -0.011771757 0.999856234 0.012210715 -0.661968112 -0.122620463 -0.013562844 0.992361009 83.680122375
0.986424446 0.010040706 0.163908362 -5.029022217 -0.012190447 0.999852240 0.012114892 -0.666692257 -0.163762510 -0.013948541 0.986401200 84.096702576
0.977775931 0.009753011 0.209425434 -4.912479401 -0.012528445 0.999850392 0.011930073 -0.668087602 -0.209277779 -0.014288714 0.977751911 84.527534485
0.966078639 0.012125865 0.257963270 -4.770666122 -0.015157797 0.999837339 0.009767784 -0.674101233 -0.257802904 -0.013346602 0.966105402 84.933311462
0.950505793 0.013004993 0.310434401 -4.607007980 -0.015882399 0.999851108 0.006742984 -0.682115614 -0.310300469 -0.011339690 0.950570941 85.316230774
0.930193782 0.013562892 0.366818130 -4.431745529 -0.016404873 0.999854684 0.004631147 -0.688761711 -0.366702080 -0.010325469 0.930281103 85.695915222
0.905822098 0.014476657 0.423410803 -4.228431702 -0.016819892 0.999856949 0.001797881 -0.683815956 -0.423324198 -0.008750281 0.905936003 86.036026001
0.876139939 0.014899460 0.481826603 -4.012561798 -0.016600661 0.999861836 -0.000732424 -0.685072541 -0.481771052 -0.007356935 0.876266181 86.372245789
0.842769861 0.013361823 0.538108230 -3.754138947 -0.013790859 0.999899626 -0.003229764 -0.689366341 -0.538097382 -0.004699028 0.842869520 86.681343079
0.805500448 0.012759432 0.592457712 -3.493515015 -0.012888202 0.999908924 -0.004011788 -0.706325829 -0.592454970 -0.004404217 0.805591583 86.970581055
0.765792370 0.011256112 0.642989397 -3.208786011 -0.011711702 0.999925137 -0.003556104 -0.712659299 -0.642981291 -0.004807264 0.765866816 87.234161377
0.723547578 0.010931254 0.690187812 -2.902683258 -0.012680642 0.999916315 -0.002543206 -0.711136580 -0.690157950 -0.006911894 0.723625720 87.483230591
0.677885354 0.009945137 0.735100269 -2.592315674 -0.012117226 0.999923766 -0.002353814 -0.720163405 -0.735067785 -0.007311759 0.677954316 87.720802307
0.630657375 0.008693389 0.776012778 -2.266201019 -0.008815772 0.999952972 -0.004037628 -0.725492954 -0.776011348 -0.004294791 0.630704403 87.936294556
0.583968401 0.006033203 0.811754048 -1.928871155 -0.003315959 0.999981821 -0.005046698 -0.735817790 -0.811769664 0.000255369 0.583977699 88.114356995
0.538161993 0.008129412 0.842802346 -1.580703735 -0.005122542 0.999966621 -0.006374429 -0.742386818 -0.842825890 -0.000886817 0.538185596 88.274452209
0.490857303 0.011404933 0.871165335 -1.232444763 -0.009026991 0.999927223 -0.008004380 -0.748095870 -0.871193171 -0.003934995 0.490924537 88.436538696
0.444513083 0.013900582 0.895664513 -0.889877319 -0.009351793 0.999897122 -0.010877016 -0.752485156 -0.895723581 -0.003541094 0.444597423 88.582901001
0.400677890 0.011101904 0.916151702 -0.529403687 -0.002905770 0.999936938 -0.010846376 -0.766579032 -0.916214287 0.001683777 0.400684863 88.709838867
0.361330152 0.003582008 0.932431102 -0.153553009 0.012359565 0.999886334 -0.008630649 -0.769974828 -0.932356000 0.014642954 0.361244857 88.796325684
0.326008022 0.000321402 0.945366979 0.222801208 0.016109718 0.999852777 -0.005895333 -0.773187399 -0.945229709 0.017151522 0.325954884 88.887504578
0.292606443 0.004327208 0.956223130 0.590234756 0.013230904 0.999875665 -0.008573435 -0.781897187 -0.956141353 0.015160339 0.292512864 88.982643127
0.261422694 0.012028910 0.965149462 0.963352203 0.002429090 0.999910891 -0.013120102 -0.796361387 -0.965221345 0.005774327 0.261370212 89.084007263
0.233041167 0.016010800 0.972334981 1.349651337 -0.001878800 0.999870002 -0.016013905 -0.812807798 -0.972465098 0.001905076 0.233040929 89.166091919
0.207331851 0.017864943 0.978107572 1.746328354 -0.000800497 0.999835968 -0.018092126 -0.826526046 -0.978270292 0.002968103 0.207312137 89.229568481
0.183992743 0.018727534 0.982749224 2.161338806 0.006464025 0.999773741 -0.020262171 -0.843263626 -0.982906342 0.010080609 0.183830097 89.280067444
0.163909733 0.025522599 0.986145020 2.585450172 0.013102006 0.999520779 -0.028046492 -0.842243791 -0.986388385 0.017517572 0.163496733 89.323875427
0.144271523 0.032443829 0.989006102 3.017647743 0.014817208 0.999279499 -0.034942314 -0.841425240 -0.989427209 0.019695485 0.143686876 89.373672485
0.126392558 0.033180129 0.991425276 3.463420868 0.012126656 0.999314070 -0.034990132 -0.855917633 -0.991906166 0.016445164 0.125903517 89.427162170
0.110836603 0.028806996 0.993421078 3.926471710 0.011117952 0.999481320 -0.030223163 -0.876416922 -0.993776381 0.014394640 0.110458836 89.475959778
0.096384242 0.025451234 0.995018840 4.407531738 0.010599267 0.999590099 -0.026594883 -0.903917849 -0.995287776 0.013109799 0.096074983 89.515403748
0.083035260 0.023254102 0.996275246 4.899473190 0.013182908 0.999614656 -0.024430783 -0.918539345 -0.996459424 0.015162423 0.082696706 89.546936035
0.071440637 0.022305517 0.997195423 5.408483028 0.016789800 0.999581397 -0.023561737 -0.936410248 -0.997303486 0.018425979 0.071036220 89.570899963
0.061178997 0.022873944 0.997864664 5.927907944 0.019849088 0.999511778 -0.024128648 -0.953124106 -0.997929454 0.021282872 0.060695104 89.593200684
0.053873010 0.023644304 0.998267829 6.482711792 0.022632102 0.999433875 -0.024893299 -0.963785887 -0.998291194 0.023933975 0.053307388 89.612632751
0.048273817 0.024077382 0.998543918 7.039731503 0.024279097 0.999385715 -0.025271438 -0.978635550 -0.998538911 0.025463691 0.047659591 89.631767273
0.042643175 0.025156729 0.998773694 7.611187935 0.025144219 0.999339283 -0.026244525 -0.997004151 -0.998773873 0.026232537 0.041982457 89.652084351
0.036820348 0.025438847 0.998998046 8.203184128 0.025594763 0.999324024 -0.026390497 -1.019403458 -0.998994052 0.026540823 0.036144357 89.669494629
0.032291505 0.025297377 0.999158323 8.815022469 0.027763905 0.999271154 -0.026197525 -1.040120602 -0.999092698 0.028586494 0.031565610 89.682441711
0.029483549 0.025364740 0.999243379 9.446081161 0.029671952 0.999215245 -0.026239522 -1.057510138 -0.999124706 0.030423133 0.028707791 89.696792603
0.026607888 0.024602819 0.999343097 10.092266083 0.030554757 0.999209881 -0.025413072 -1.080523729 -0.999178946 0.031210870 0.025835130 89.710258484
0.024143226 0.024335841 0.999412239 10.761054039 0.032412317 0.999159157 -0.025112668 -1.096935391 -0.999182940 0.032999571 0.023334144 89.722702026
0.023480939 0.024019431 0.999435782 11.446483612 0.037089586 0.999002159 -0.024880402 -1.116069317 -0.999036074 0.037652865 0.022566639 89.730690002
0.024711359 0.023748301 0.999412596 12.166996002 0.040649176 0.998867095 -0.024740426 -1.135627747 -0.998867869 0.041236673 0.023718016 89.737831116
0.027296565 0.023583492 0.999349058 12.896789551 0.042249154 0.998801053 -0.024724567 -1.162021875 -0.998734176 0.042896543 0.026267452 89.750976562
0.031080766 0.023500275 0.999240577 13.636328697 0.044786606 0.998686731 -0.024880309 -1.183145642 -0.998512983 0.045525894 0.029987451 89.774147034
0.035222612 0.023066893 0.999113202 14.391934395 0.045036022 0.998681366 -0.024644613 -1.202038050 -0.998364270 0.045864131 0.034137327 89.805297852
0.039444029 0.021270584 0.998995364 15.175499916 0.046730753 0.998640180 -0.023108128 -1.230772376 -0.998128414 0.047595285 0.038396407 89.829162598
0.043655861 0.019437892 0.998857498 15.965698242 0.046755619 0.998675346 -0.021477845 -1.254058599 -0.997951925 0.047639832 0.042689204 89.861358643
0.047783893 0.017353190 0.998706996 16.763826370 0.043825109 0.998849750 -0.019452518 -1.274875879 -0.997895837 0.044697955 0.046968423 89.903549194
0.051904164 0.016505098 0.998515666 17.594493866 0.043077081 0.998895764 -0.018750584 -1.295167923 -0.997722566 0.043986373 0.051135860 89.950828552
0.055885527 0.017639967 0.998281300 18.415374756 0.040024292 0.999000609 -0.019893307 -1.315188527 -0.997634590 0.041067250 0.055123653 90.000404358
0.059268039 0.021409819 0.998012483 19.243200302 0.038032420 0.998995543 -0.023689507 -1.345372438 -0.997517407 0.039360855 0.058394246 90.049674988
0.060679454 0.026267545 0.997811615 20.085111618 0.032110557 0.999084890 -0.028253790 -1.382106662 -0.997640669 0.033754714 0.059780460 90.111564636
0.060554184 0.029524948 0.997728169 20.920494080 0.029397549 0.999076128 -0.031349037 -1.408252597 -0.997731924 0.031229082 0.059630278 90.167510986
0.060744856 0.028768666 0.997738719 21.758031845 0.026870172 0.999175131 -0.030446017 -1.446020603 -0.997791529 0.028658854 0.059921738 90.219070435
0.060231730 0.027271343 0.997811794 22.600013733 0.024045965 0.999296963 -0.028763441 -1.477162600 -0.997894764 0.025725819 0.059533630 90.285774231
0.060381319 0.026057851 0.997835219 23.437776566 0.025092773 0.999303579 -0.027614621 -1.512138844 -0.997859955 0.026705857 0.059685420 90.333869934
0.060806081 0.025047522 0.997835219 24.270019531 0.022434760 0.999398232 -0.026453886 -1.549040794 -0.997897446 0.023994751 0.060207561 90.386825562
0.060903814 0.025490157 0.997817993 25.122791290 0.020745993 0.999425590 -0.026797490 -1.581061482 -0.997927964 0.022332799 0.060340013 90.450294495
0.060685035 0.025931807 0.997820020 25.952724457 0.017517108 0.999480903 -0.027040318 -1.615944386 -0.998003244 0.019119868 0.060199283 90.509910583
0.059485167 0.027215656 0.997858107 26.784854889 0.014772291 0.999494791 -0.028140910 -1.648863554 -0.998119950 0.016414618 0.059053075 90.564674377
0.056913257 0.026845301 0.998018146 27.608310699 0.011871455 0.999549568 -0.027563479 -1.682149410 -0.998308539 0.013416657 0.056568936 90.612792969
0.053246561 0.025643848 0.998252094 28.437477112 0.009391857 0.999613166 -0.026179776 -1.713176966 -0.998537183 0.010769423 0.052985121 90.657279968
0.048074730 0.023218397 0.998573899 29.257179260 0.007969996 0.999689043 -0.023628028 -1.744483829 -0.998811960 0.009094543 0.047874734 90.703208923
0.042099990 0.021344330 0.998885512 30.094760895 0.004967337 0.999754965 -0.021572271 -1.770633459 -0.999101162 0.005869993 0.041983642 90.737602234
0.034667935 0.021428205 0.999169111 30.914461136 0.004563364 0.999756336 -0.021599127 -1.802145958 -0.999388397 0.005308369 0.034561709 90.763710022
0.026473898 0.022553235 0.999395013 31.733320236 0.004545860 0.999732435 -0.022681270 -1.827793598 -0.999639213 0.005143571 0.026364289 90.780342102
0.016635790 0.022920404 0.999598861 32.549194336 0.004771598 0.999724030 -0.023002684 -1.857546329 -0.999850154 0.005152352 0.016521838 90.791633606
0.006294514 0.021736568 0.999743938 33.350654602 0.006045281 0.999744654 -0.021774646 -1.891471863 -0.999961853 0.006180794 0.006161502 90.797966003
-0.004312062 0.020801237 0.999774277 34.158546448 0.004767627 0.999772727 -0.020780638 -1.920716763 -0.999979317 0.004676944 -0.004410255 90.789642334
-0.015230449 0.019799780 0.999687910 34.959362030 0.006946964 0.999781966 -0.019695802 -1.949387312 -0.999859810 0.006644821 -0.015364675 90.772285461
-0.026805267 0.020220680 0.999436259 35.765995026 0.006485639 0.999777853 -0.020053649 -1.977478266 -0.999619663 0.005944438 -0.026930457 90.758789062
-0.038162313 0.021068748 0.999049425 36.552444458 0.006763981 0.999760270 -0.020825369 -2.003238201 -0.999248683 0.005962807 -0.038295679 90.727760315
-0.048084158 0.021666516 0.998608291 37.340618134 0.006412921 0.999750793 -0.021382513 -2.036377430 -0.998822689 0.005375836 -0.048211113 90.680282593
-0.058448009 0.022972755 0.998026133 38.119056702 0.007281240 0.999718428 -0.022585290 -2.058272839 -0.998263955 0.005946802 -0.058598809 90.632873535
-0.067260712 0.023319585 0.997462928 38.898830414 0.008403005 0.999704599 -0.022805365 -2.091885567 -0.997699976 0.006847781 -0.067436785 90.561622620
-0.077130012 0.024119953 0.996729255 39.668231964 0.009255545 0.999681592 -0.023475172 -2.114906073 -0.996978104 0.007414632 -0.077328697 90.509414673
-0.086492911 0.024495864 0.995951295 40.420963287 0.009597965 0.999671876 -0.023753840 -2.142203808 -0.996206284 0.007504567 -0.086699635 90.438873291
-0.094851084 0.023725575 0.995208740 41.173824310 0.011082611 0.999679208 -0.022775890 -2.173646927 -0.995429814 0.008869194 -0.095083579 90.360260010
-0.102409519 0.022820234 0.994480610 41.926040649 0.012449583 0.999688029 -0.021657696 -2.195379972 -0.994664431 0.010162914 -0.102661669 90.287567139
-0.107408717 0.021245357 0.993987918 42.677410126 0.015220551 0.999689639 -0.019722516 -2.228773117 -0.994098365 0.013010672 -0.107698753 90.194732666
-0.110978194 0.019175353 0.993637741 43.405517578 0.018330924 0.999683321 -0.017244659 -2.256246567 -0.993653774 0.016300520 -0.111294523 90.104118347
-0.113419317 0.018289452 0.993378937 44.117206573 0.020264745 0.999665201 -0.016091458 -2.279595852 -0.993340611 0.018305488 -0.113751955 90.017166138
-0.115178391 0.017549815 0.993189931 44.821929932 0.020638129 0.999670386 -0.015270964 -2.302829981 -0.993130386 0.018738693 -0.115502618 89.932319641
-0.115915567 0.017963091 0.993096650 45.509403229 0.021751396 0.999642670 -0.015542642 -2.325455666 -0.993020892 0.019799605 -0.116264850 89.851501465
-0.115033694 0.019162815 0.993176758 46.180000305 0.022591883 0.999605775 -0.016670177 -2.345368862 -0.993104637 0.020520102 -0.115421273 89.772857666
-0.112030253 0.020705655 0.993489027 46.831298828 0.023304582 0.999562621 -0.018204305 -2.367086411 -0.993431449 0.021113418 -0.112463787 89.699623108
-0.106816232 0.021425430 0.994047880 47.458473206 0.023661869 0.999539495 -0.019001188 -2.383843660 -0.993997157 0.021491397 -0.107274018 89.638244629
-0.098838851 0.021960339 0.994861066 48.075569153 0.022927778 0.999541283 -0.019785788 -2.412456512 -0.994839311 0.020854346 -0.099296995 89.580024719
-0.087672196 0.021821400 0.995910347 48.670715332 0.022088526 0.999556839 -0.019956797 -2.435968876 -0.995904446 0.020248529 -0.088115357 89.535491943
-0.073772639 0.022312203 0.997025430 49.241367340 0.021029191 0.999562204 -0.020812966 -2.455181837 -0.997053504 0.019431209 -0.074209549 89.497276306
-0.056808494 0.023451528 0.998109639 49.792320251 0.019967565 0.999550760 -0.022348916 -2.481715679 -0.998185456 0.018660210 -0.057251241 89.480583191
-0.035755694 0.025824388 0.999026895 50.347160339 0.017829668 0.999523520 -0.025199093 -2.512191534 -0.999201596 0.016911307 -0.036199100 89.482849121
-0.010738676 0.028778551 0.999528229 50.876850128 0.016086826 0.999461353 -0.028603798 -2.530975342 -0.999813020 0.015772071 -0.011195848 89.481605530
0.017537056 0.030606240 0.999377608 51.406272888 0.014250712 0.999422133 -0.030857673 -2.552270412 -0.999744534 0.014783000 0.017090760 89.508712769
0.050707616 0.030189149 0.998257160 51.925689697 0.012049303 0.999451756 -0.030837333 -2.571312666 -0.998640776 0.013591995 0.050316062 89.557281494
0.088846602 0.027661547 0.995661080 52.447135925 0.010811988 0.999528587 -0.028733790 -2.596983910 -0.995986640 0.013317978 0.088505648 89.623466492
0.131295621 0.023610746 0.991062045 52.947029114 0.008722313 0.999650061 -0.024970876 -2.624690533 -0.991304874 0.011922920 0.131043732 89.706062317
0.176303297 0.019456660 0.984143555 53.456657410 0.006399923 0.999760747 -0.020911925 -2.640417099 -0.984314978 0.009985285 0.176136613 89.826820374
0.224491090 0.015209351 0.974357426 53.944160461 0.000863157 0.999874711 -0.015806539 -2.676469564 -0.974475741 0.004389450 0.224449798 89.971145630
0.276539326 0.013985885 0.960900903 54.428337097 -0.002667177 0.999901414 -0.013785947 -2.687816143 -0.960998952 0.001249464 0.276549399 90.136787415
0.331431657 0.013468748 0.943383038 54.886775970 -0.003363482 0.999908566 -0.013094101 -2.704098701 -0.943473160 0.001166748 0.331446618 90.330955505
0.389825881 0.013788026 0.920785367 55.333129883 -0.001394836 0.999895632 -0.014382117 -2.721350908 -0.920887589 0.004322177 0.389804363 90.545822144
0.447018653 0.018424697 0.894334912 55.708904266 -0.000197735 0.999789894 -0.020498401 -2.722254753 -0.894524634 0.008986325 0.446928233 90.806304932
0.507462978 0.022119369 0.861389637 56.113807678 0.001190580 0.999651551 -0.026371153 -2.729692936 -0.861672699 0.014407934 0.507259727 91.071281433
0.565804482 0.026234100 0.824122071 56.486053467 -0.002760712 0.999548435 -0.029923029 -2.745221138 -0.824534833 0.014655419 0.565621376 91.370880127
0.622374773 0.029908903 0.782147706 56.831336975 -0.006532059 0.999433398 -0.033020061 -2.749732971 -0.782691956 0.015441822 0.622217476 91.684707642
0.673264205 0.029718421 0.738804638 57.117221832 -0.008147187 0.999429464 -0.032777630 -2.778718472 -0.739357054 0.016048821 0.673122108 92.030700684
0.722477674 0.028522730 0.690805674 57.414722443 -0.008825855 0.999447763 -0.032035775 -2.789632082 -0.691337824 0.017048184 0.722330451 92.395645142
0.768603265 0.025142204 0.639231503 57.697006226 -0.010515895 0.999588907 -0.026671588 -2.800485849 -0.639639318 0.013777776 0.768551707 92.776931763
0.809081316 0.019969404 0.587357283 57.925331116 -0.010661816 0.999756813 -0.019303862 -2.817581892 -0.587599933 0.009356104 0.809097528 93.184768677
0.846040547 0.016015343 0.532877862 58.137443542 -0.011270511 0.999862611 -0.012156318 -2.832324028 -0.532999396 0.004278931 0.846104741 93.595031738
0.877407849 0.012726455 0.479576290 58.328834534 -0.011824213 0.999918044 -0.004901735 -2.839085817 -0.479599357 -0.001369793 0.877486408 94.029968262
0.902972817 0.013363444 0.429489851 58.491802216 -0.015270638 0.999882877 0.000994413 -2.851023197 -0.429426342 -0.007456512 0.903071105 94.480010986
0.923276186 0.015213569 0.383835614 58.637084961 -0.018409921 0.999819696 0.004654629 -2.860192299 -0.383695632 -0.011363888 0.923389733 94.923843384
0.938598990 0.021481125 0.344340682 58.757667542 -0.025651533 0.999642432 0.007559548 -2.869784355 -0.344055235 -0.015928250 0.938814342 95.383453369
0.950490952 0.025077516 0.309738755 58.874847412 -0.028568955 0.999569118 0.006740592 -2.865651846 -0.309436262 -0.015255784 0.950797796 95.847320557
0.959989250 0.027145846 0.278717995 58.971328735 -0.030204566 0.999521315 0.006684921 -2.868904591 -0.278403133 -0.014836011 0.960349739 96.295883179
0.966200173 0.021732925 0.256875098 59.088760376 -0.024414392 0.999675632 0.007253796 -2.874149561 -0.256634176 -0.013280069 0.966417372 96.777404785
0.970229030 0.019110180 0.241433933 59.200973511 -0.021638265 0.999735296 0.007823914 -2.879122734 -0.241220444 -0.012815200 0.970385730 97.260299683
0.973259866 0.022768360 0.228575468 59.305267334 -0.025109138 0.999657810 0.007337412 -2.875848770 -0.228330165 -0.012880542 0.973498583 97.768180847
0.975290716 0.028544756 0.219073057 59.403030396 -0.031014521 0.999488115 0.007842278 -2.872363567 -0.218737051 -0.014442949 0.975677013 98.283004761
0.976446033 0.035400715 0.212838039 59.507125854 -0.037583154 0.999274254 0.006215497 -2.862738848 -0.212463528 -0.014068220 0.977067709 98.805007935
0.976946235 0.041432351 0.209426314 59.614219666 -0.043145675 0.999062300 0.003617083 -2.878556967 -0.209080040 -0.012569537 0.977817714 99.328933716
0.976903558 0.042479787 0.209415674 59.715385437 -0.043522783 0.999052346 0.000372600 -2.876421928 -0.209201366 -0.009478347 0.977826655 99.885879517
0.976391137 0.041107789 0.212062538 59.834651947 -0.041289188 0.999140799 -0.003574775 -2.876767635 -0.212027311 -0.005265513 0.977249622 100.435745239
0.975657523 0.039758001 0.215665638 59.968685150 -0.038538434 0.999208450 -0.009858882 -2.883631706 -0.215886936 0.001307476 0.976417542 100.988037109
0.974661112 0.039932955 0.220093399 60.093063354 -0.037620284 0.999184072 -0.014690834 -2.887125492 -0.220500469 0.006038613 0.975368202 101.572479248
0.973519981 0.044961680 0.224136814 60.228507996 -0.042882692 0.998980105 -0.014137181 -2.896830082 -0.224543825 0.004151237 0.974455118 102.170433044
0.972008646 0.048237652 0.229939535 60.360755920 -0.047182590 0.998835325 -0.010087753 -2.904359818 -0.230158344 -0.001043761 0.973152637 102.777687073
0.971027076 0.044877626 0.234717548 60.514244080 -0.044795603 0.998980045 -0.005683824 -2.913143635 -0.234733179 -0.004995168 0.972047031 103.387443542
0.970296800 0.040536780 0.238496989 60.673698425 -0.041751340 0.999128103 0.000040934 -2.921797991 -0.238287374 -0.009997290 0.971143186 104.022270203
0.969432950 0.038329657 0.242344052 60.831890106 -0.040712714 0.999159217 0.004831235 -2.936581612 -0.241955101 -0.014550045 0.970178306 104.666046143
0.968856633 0.033831462 0.245300233 60.996719360 -0.036315642 0.999324501 0.005609597 -2.938789368 -0.244944811 -0.014343130 0.969430923 105.310195923
0.968908191 0.030258736 0.245563209 61.167858124 -0.031823002 0.999490619 0.002403627 -2.944357872 -0.245365441 -0.010143451 0.969377637 105.961997986
0.969037294 0.029866366 0.245101303 61.331840515 -0.029647674 0.999549866 -0.004582683 -2.949928284 -0.245127887 -0.002825892 0.969486713 106.613945007
0.969198942 0.032252595 0.244158000 61.504676819 -0.030443601 0.999474049 -0.011180128 -2.956282616 -0.244390205 0.003402720 0.969670951 107.293899536
0.969805598 0.034853462 0.241375983 61.672859192 -0.032221511 0.999370456 -0.014843727 -2.961731911 -0.241741419 0.006618033 0.970318139 107.980972290
0.970377922 0.033710882 0.239228204 61.841552734 -0.032138661 0.999428451 -0.010471019 -2.972149372 -0.239444464 0.002472371 0.970906973 108.695915222
0.970854938 0.029444771 0.237851933 62.020210266 -0.029617319 0.999557197 -0.002848880 -2.983856916 -0.237830535 -0.004278686 0.971297264 109.412391663
0.971415460 0.029804543 0.235507175 62.195114136 -0.031411003 0.999501824 0.003071845 -2.993617058 -0.235298306 -0.010381555 0.971867800 110.149047852
0.971778810 0.033012889 0.233572513 62.363285065 -0.034557424 0.999399483 0.002522132 -3.004912615 -0.233348995 -0.010522618 0.972336113 110.883445740
0.972014904 0.038989529 0.231660977 62.523468018 -0.039494757 0.999216735 -0.002458318 -3.003717661 -0.231575385 -0.006759872 0.972793460 111.636573792
0.972838938 0.040331662 0.227941960 62.690490723 -0.039602723 0.999185324 -0.007772676 -3.008087158 -0.228069738 -0.001465562 0.973643780 112.387908936
0.973905981 0.038347002 0.223688796 62.871231079 -0.036911119 0.999262333 -0.010598479 -3.018327951 -0.223930210 0.002065321 0.974602997 113.161483765
0.974863946 0.035939086 0.219883263 63.046653748 -0.034770288 0.999353051 -0.009184563 -3.027499199 -0.220071137 0.001308292 0.975482941 113.943077087
0.975762069 0.032311592 0.216435805 63.227233887 -0.031531353 0.999477863 -0.007058081 -3.038769722 -0.216550842 0.000062493 0.976271272 114.729675293
0.976109326 0.031606715 0.214968950 63.398319244 -0.031447165 0.999496758 -0.004163145 -3.055258274 -0.214992359 -0.002696479 0.976612031 115.540184021
0.976530731 0.028149785 0.213530615 63.579231262 -0.028420731 0.999594390 -0.001801389 -3.063255787 -0.213494748 -0.004309584 0.976934791 116.350944519
0.976702869 0.023508366 0.213304743 63.757869720 -0.023930242 0.999713480 -0.000604272 -3.070855141 -0.213257864 -0.004514241 0.976985514 117.181365967
0.976857662 0.023687704 0.212575331 63.938419342 -0.024445688 0.999700725 0.000937706 -3.078860283 -0.212489530 -0.006112554 0.977144241 118.008964539
0.976580679 0.029240344 0.213155210 64.107070923 -0.029700922 0.999558270 -0.001041885 -3.085520744 -0.213091522 -0.005313422 0.977017820 118.841888428
0.976200640 0.035213441 0.213991687 64.274108887 -0.035109099 0.999374211 -0.004289329 -3.095629692 -0.214008853 -0.003325810 0.976826072 119.691139221
0.975719810 0.043851081 0.214587972 64.447708130 -0.043635592 0.999031007 -0.005743464 -3.104476690 -0.214631900 -0.003759663 0.976687789 120.530166626
0.974837124 0.049696714 0.217307970 64.628356934 -0.049687557 0.998749614 -0.005509717 -3.113223314 -0.217310086 -0.005426424 0.976087451 121.370407104
0.974052370 0.052123167 0.220239013 64.812065125 -0.052642185 0.998607218 -0.003515885 -3.127209425 -0.220115557 -0.008169208 0.975439608 122.220703125
0.973445296 0.052597355 0.222795427 64.999526978 -0.052990105 0.998586118 -0.004219181 -3.139194965 -0.222702354 -0.007698812 0.974856019 123.073478699
0.973129213 0.051092342 0.224520043 65.194763184 -0.050803863 0.998683631 -0.007065585 -3.149209023 -0.224585474 -0.004530758 0.974443734 123.921539307
0.973063290 0.045236714 0.226056263 65.392433167 -0.045120806 0.998965323 -0.005682250 -3.169386625 -0.226079419 -0.004670653 0.974097669 124.780609131
0.973309278 0.038326565 0.226274014 65.603469849 -0.037734233 0.999263644 -0.006944063 -3.188725233 -0.226373523 -0.001779555 0.974038899 125.631889343
0.972971857 0.037759893 0.227815509 65.800086975 -0.037159085 0.999285460 -0.006927363 -3.207541704 -0.227914274 -0.001725286 0.973679602 126.482551575
0.972521484 0.040771198 0.229215488 65.999610901 -0.040950056 0.999153256 -0.003978197 -3.221337795 -0.229183614 -0.005517505 0.973367572 127.337356567
0.972174883 0.042518646 0.230365291 66.195091248 -0.044051424 0.999028265 0.001512211 -3.231071949 -0.230077103 -0.011618054 0.973103046 128.206634521
0.971791267 0.045838222 0.231345043 66.391937256 -0.048487648 0.998807073 0.005776381 -3.246663094 -0.230804279 -0.016830815 0.972854614 129.062652588
0.971552193 0.045235947 0.232465073 66.591468811 -0.046393637 0.998923123 -0.000487756 -3.259286880 -0.232236773 -0.010311020 0.972604692 129.903564453
0.971917689 0.040933516 0.231733635 66.800369263 -0.038538031 0.999146700 -0.014856709 -3.276280403 -0.232144043 0.005508941 0.972665846 130.732574463
0.972101331 0.039097968 0.231279925 67.001609802 -0.034493703 0.999118626 -0.023919683 -3.295076847 -0.232011288 0.015274656 0.972593129 131.567199707
